00000000000000000000000000000000000000000000000000000000000000000000000000000000000000000000000000000000000000000000000000000000000000000000000000000000000000000000000000000000000000000000000000000000000000000000000000000000
00000000000000000000000000000000000000000000000000000000000000000000000000000000000000000000000000000000000000000000000000000000000000000000000000000000000000000000000000000000000000000000000000000000000000000000000000000000
00000000000000000000000000000000000000000000000000000000000000000000000000000000000000000000000000000000000000000000000000000000000000000000000000000000000000000000000000000000000000000000000000000000000000000000000000000000
00000000000000000000000000000000000000000000000000000000000000000000000000000000000000000000000000000000000000000000000000000000000000000000000000000000000000000000000000000000000000000000000000000000000000000000000000000000
00000000000000000000000000000000000000000000000000000000000000000000000000000000000000000000000000000000000000000000000000000000000000000000000000000000000000000000000000000000000000000000000000000000000000000000000000000000
00000000000000000000000000000000000000000000000000000000000000000000000000000000000000000010011000101011011010011111111111111101111111011111110111111101111111011010111000000110000000000000000000000000000000000000000000000000
00000000000000000000000000000000000000000000000000000000000000000000000000101011100010111110000011100010111111001111110111111100111111001111110011111100111111001111110010011110000011100000000000000000000000000000000000000000
00000000000000000000000000000000000000000000000000000000000000000000000010110010111111001111110011111100111111001111110111111100111111001111110011111100111111001111110011111100001110110000000000000000000000000000000000000000
00000000000000000000000000000000000000000000000000000000000000000000000001101101111111001111110011100110100001001000010110000100100001001011110111111100111111001111110011111100001110110000000000000000000000000000000000000000
00000000000000000000000000000000000000000000000000000000000000000000000000000100000111010001110100011000000000000000000000000000000000000000111011100010111111001111110010101100000001110000000000000000000000000000000000000000
00000000000000000000000000000000000000000000000000000000000000000000000000000000000000000000000000000000000000000000000000000000000000000101010111110011111111001111110010010000000000000000000000000000000000000000000000000000
00000000000000000000000000000000000000000000000000000000000000000000000000000000000000000000000000000000000000000000000000000000010110001011110111111100111111001111110000001110000000000000000000000000000000000000000000000000
00000000000000000000000000000000000000000000000000000000000000000000000000000000000000000000000000000000000000000101101111010100111101111111110011111100111111001100110000001001000000000000000000000000000000000000000000000000
00000000000000000000000000000000000000000000000000000000000000000000000000100000011111011100000111000001110000011111110111111100111111001111110011101110011001100001110000000000000000000000000000000000000000000000000000000000
00000000000000000000000000000000000000000000000000000000000000000010110111011110111111001111110011111100111111001111110111111100111111001111110010110001000000000000000000000000000000000000000000000000000000000000000000000000
00000000000000000000000000000000000000000000000000000000000000000010110111011111111111011111110111111101111111011111111111111101111111011111110111111101010010100000000000000000000000000000000000000000000000000000000000000000
00000000000000000000000000000000000000000000000000000000000000000000000000011111011110110011010000101100001011000010110000101100100011111111110011111100010010100000000000000000000000000000000000000000000000000000000000000000
00000000000000000000000000000000000000000000000000000000000000000000000000000000000000000000000000000000000000000000000000000000000011111111110011111100010010100000000000000000000000000000000000000000000000000000000000000000
00000000000000000000000000000000000000000000000000000000000000000000000000000000000000000000000000000000000000000000000000000000010101101111110011111100010010100000000000000000000000000000000000000000000000000000000000000000
00000000000000000000000000000000000000000000000000000101010010110000100100000000000000000000000000000000000000000000000001100010111100101111110011111100010010100000000000000000000000000000000000000000000000000000000000000000
00000000000000000000000000000000000000000011110110110111111111000001110100000000000000000000000000000000000100100101110011101111111111001111110011110011010000010000000000000000000000000000000000000000000000000000000000000000
00000000000000000000000000000000000000001101000011111100111111001001001110000110100001101000011010000110110010111111110111111100111111001011110001010011000000000000000000000000000000000000000000000000000000000000000000000000
00000000000000000000000000000000000000001101000011111100111111001111110011111100111111001111110011111100111111001111110111100110100110010000100000000000000000000000000000000000000000000000000000000000000000000000000000000000
00000000000000000000000000000000000000000011000110011101111111001111110011111100111111001111110011011001110011111001001000101101000000000000000000000000000000000000000000000000000000000000000000000000000000000000000000000000
00000000000000000000000000000000000000000000000000000111011001111110101111111100101011000110011100011000000000000000000000000000000000000000000000000000000000000000000000000000000000000000000000000000000000000000000000000000
00000000000000000000000000000000000000000000000000000000000000000000000000000000000000000000000000000000000000000000000000000000000000000000000000000000000000000000000000000000000000000000000000000000000000000000000000000000
00000000000000000000000000000000000000000000000000000000000000000000000000000000000000000000000000000000000000000000000000000000000000000000000000000000000000000000000000000000000000000000000000000000000000000000000000000000
00000000000000000000000000000000000000000000000000000000000000000000000000000000000000000000000000000000000000000000000000000000000000000000000000000000000000000000000000000000000000000000000000000000000000000000000000000000
