00000000000000000000000000000000000000000000000000000000000000000000000000000000000000000000000000000000000000000000000000000000000000000000000000000000000000000000000000000000000000000000000000000000000000000000000000000000
00000000000000000000000000000000000000000000000000000000000000000000000000000000000000000000000000000000000000000000000000000000000000000000000000000000000000000000000000000000000000000000000000000000000000000000000000000000
00000000000000000000000000000000000000000000000000000000000000000000000000000000000000000000000000000000000000000000000000000000000000000000000000000000000000000000000000000000000000000000000000000000000000000000000000000000
00000000000000000000000000000000000000000000000000000000000000000000000000000000000000000000000000000000000000000000000000000000000000000000000000000000000000000000000000000000000000000000000000000000000000000000000000000000
00000000000000000000000000000000000000000000000000000000000000000000000000000000000000000000000000000000000000000000000000000000000000000000000000000000000000000000000000000000000000000000000000000000000000000000000000000000
00000000000000000000000000000000000000000000000000000000000000000000000000000000000000000000000000000000000000000000000000000000000000000000000000000000000000000100001111101000001001110000000000000000000000000000000000000000
00000000000000000000000000000000001111100101000100000000000000000000000000000000000000000000000000000000000000000000000000000000000000000000000000000000000000000111100010110100001001110000000000000000000000000000000000000000
00000000000000000000000000000000011111101010001100000000000000000000000000000000000000000000000000000000000000000000000000000000000000000000000000000000000000101001100111010010001010000000000000000000000000000000000000000000
00000000000000000000000000000000110111001010001100000000000000000000000000000000000000000000000000000000000000000000000000000000000000000000000000000000000110111111111010100010000000000000000000000000000000000000000000000000
00000000000000000000000000000000110111101010001100000000000000000000000000000000000000000000000000000000000000000000000000000000000000000000000000000000101101111111111001111101000000000000000000000000000000000000000000000000
00000000000000000000000000101110111101011010001100000000000000000000000000000000000000000000000000000000000000000000000000000000000000000000000000000000110001101111111000111000000000000000000000000000000000000000000000000000
00000000000000000000000001111000111111101010001100000000000000000000000000000000000000000000000000000000000000000000000000000000000000000000000000010111111001111111111000011101000000000000000000000000000000000000000000000000
00000000000000000000000010011111111111100111100000000000000000000000000000000000000000000000000000000000000000000000000000000000000000000000000010100011111111101101100000010000000000000000000000000000000000000000000000000000
00000000000000000000000010011111111111100100001100000000000000000000000000000000000000000000000000000000000000000000000000001110010101101011001011111000111111100101101100000000000000000000000000000000000000000000000000000000
00000000000000000000000010011111111111100101010100000000000000000000000000101111001100010111010010010000100101101111000111110011111010101011001111110001111111000010100000000000000000000000000000000000000000000000000000000000
00000000000000000000000010010110111111011110110111001111110011111100111111111101111111101111101011110000110001101000111101011011000111000000010111101001111110100000000000000000000000000000000000000000000000000000000000000000
00000000000000000000000000000000011101111011000110110001101100011011000110110001011000100011100000000000000000000000000000000000000000000110011011111110110111000000000000000000000000000000000000000000000000000000000000000000
00000000000000000000000000000000000000000000000000000000000000000000000000000000000000000000000000000000000000000000000000000000000000001010100111111110100010010000000000000000000000000000000000000000000000000000000000000000
00000000000000000000000000000000000000000000000000000000000000000000000000000000000000000000000000000000000000000000000000000000000000001010100111111110001110010000000000000000000000000000000000000000000000000000000000000000
00000000000000000000000000000000000000000000000000000000000000000000000000000000000000000000000000000000000000000000000000000000000000001010100111111110001110010000000000000000000000000000000000000000000000000000000000000000
00000000000000000000000000000000000000000000000000000000000000000000000000000000000000000000000000000000000000000000000000000000000000001010100111111111010111100000000000000000000000000000000000000000000000000000000000000000
00000000000000000000000000000000000000000000000000000000000000000000000000000000000000000000000000000000000000000000000000000000000000001010100111111110011000000000000000000000000000000000000000000000000000000000000000000000
00000000000000000000000000000000000000000000000000000000000000000000000000000000000000000000000000000000000000000000000000000000000000001010100111111110100110010000000000000000000000000000000000000000000000000000000000000000
00000000000000000000000000000000000000000000000000000000000000000000000000000000000000000000000000000000000000000000000000000000000000001010100111111111100110010000000000000000000000000000000000000000000000000000000000000000
00000000000000000000000000000000000000000000000000000000000000000000000000000000000000000000000000000000000000000000000000000000000000000110000011111110100110010000000000000000000000000000000000000000000000000000000000000000
00000000000000000000000000000000000000000000000000000000000000000000000000000000000000000000000000000000000000000000000000000000000000000000000000000000000000000000000000000000000000000000000000000000000000000000000000000000
00000000000000000000000000000000000000000000000000000000000000000000000000000000000000000000000000000000000000000000000000000000000000000000000000000000000000000000000000000000000000000000000000000000000000000000000000000000
00000000000000000000000000000000000000000000000000000000000000000000000000000000000000000000000000000000000000000000000000000000000000000000000000000000000000000000000000000000000000000000000000000000000000000000000000000000
